{
 "cells": [
  {
   "cell_type": "code",
   "execution_count": 3,
   "id": "036ad319",
   "metadata": {
    "scrolled": true
   },
   "outputs": [
    {
     "name": "stdout",
     "output_type": "stream",
     "text": [
      "Type the path to the training files: C:\\Users\\andre\\Documents\\codeStylometryResearch\\data\\dataset-v3\n",
      "Accuracy: 0.9333333333333333\n",
      "[[7.800e-02 8.000e-02 4.580e-02 1.180e-02 6.520e-02 0.000e+00 5.540e-02\n",
      "  6.560e-01 0.000e+00 7.800e-03]\n",
      " [0.000e+00 2.000e-04 2.000e-04 9.152e-01 2.600e-03 2.000e-03 8.200e-03\n",
      "  4.000e-03 2.920e-02 3.840e-02]\n",
      " [0.000e+00 1.520e-02 5.740e-02 2.920e-02 8.600e-03 2.386e-01 7.400e-03\n",
      "  7.600e-03 2.406e-01 3.954e-01]\n",
      " [2.400e-03 7.584e-01 7.800e-03 0.000e+00 1.026e-01 0.000e+00 7.600e-02\n",
      "  5.240e-02 0.000e+00 4.000e-04]\n",
      " [2.000e-04 8.200e-02 2.000e-03 6.000e-04 8.450e-01 0.000e+00 1.260e-02\n",
      "  4.860e-02 0.000e+00 9.000e-03]\n",
      " [3.600e-02 2.000e-04 0.000e+00 7.590e-01 0.000e+00 4.100e-02 1.600e-03\n",
      "  1.400e-03 1.430e-01 1.780e-02]\n",
      " [5.000e-03 4.680e-02 5.200e-03 1.000e-03 8.400e-03 3.000e-03 8.366e-01\n",
      "  8.920e-02 4.600e-03 2.000e-04]\n",
      " [9.796e-01 1.200e-03 2.000e-04 4.800e-03 6.000e-04 4.000e-04 5.800e-03\n",
      "  2.600e-03 1.600e-03 3.200e-03]\n",
      " [6.000e-03 1.288e-01 6.456e-01 0.000e+00 9.000e-02 4.000e-04 7.580e-02\n",
      "  2.420e-02 2.700e-02 2.200e-03]\n",
      " [1.540e-02 1.200e-03 0.000e+00 1.152e-01 0.000e+00 7.752e-01 1.600e-03\n",
      "  9.200e-03 2.940e-02 5.280e-02]\n",
      " [0.000e+00 2.452e-01 4.600e-03 2.000e-04 6.940e-01 2.000e-04 1.980e-02\n",
      "  3.400e-02 2.000e-04 1.800e-03]\n",
      " [9.964e-01 4.000e-04 1.000e-03 0.000e+00 2.000e-04 0.000e+00 1.600e-03\n",
      "  4.000e-04 0.000e+00 0.000e+00]\n",
      " [0.000e+00 8.448e-01 3.000e-03 0.000e+00 7.340e-02 1.400e-03 2.660e-02\n",
      "  1.400e-02 2.000e-03 3.480e-02]\n",
      " [6.000e-04 4.596e-01 1.220e-02 2.000e-04 1.370e-01 4.000e-04 1.772e-01\n",
      "  2.124e-01 4.000e-04 0.000e+00]\n",
      " [8.000e-03 2.000e-03 1.220e-02 8.800e-03 2.800e-03 2.800e-03 7.800e-03\n",
      "  1.400e-03 9.466e-01 7.600e-03]\n",
      " [3.200e-03 1.160e-02 9.706e-01 4.000e-04 1.100e-02 0.000e+00 8.000e-04\n",
      "  2.000e-03 4.000e-04 0.000e+00]\n",
      " [0.000e+00 2.640e-02 0.000e+00 1.560e-02 4.000e-03 1.760e-01 7.400e-03\n",
      "  1.040e-02 1.296e-01 6.306e-01]\n",
      " [4.160e-02 1.638e-01 0.000e+00 1.000e-03 8.240e-02 3.040e-02 3.422e-01\n",
      "  2.652e-01 6.600e-03 6.680e-02]\n",
      " [9.874e-01 1.000e-03 1.600e-03 4.000e-04 6.000e-04 0.000e+00 4.800e-03\n",
      "  3.200e-03 0.000e+00 1.000e-03]\n",
      " [0.000e+00 2.000e-04 6.000e-04 1.740e-02 2.000e-04 2.164e-01 6.000e-04\n",
      "  2.000e-03 7.340e-01 2.860e-02]\n",
      " [0.000e+00 1.520e-02 5.740e-02 2.920e-02 8.600e-03 2.386e-01 7.400e-03\n",
      "  7.600e-03 2.406e-01 3.954e-01]\n",
      " [8.700e-02 8.600e-03 4.800e-03 5.800e-03 1.400e-03 5.180e-02 8.000e-02\n",
      "  6.450e-01 3.360e-02 8.200e-02]\n",
      " [7.800e-03 1.200e-02 8.582e-01 6.000e-04 1.114e-01 0.000e+00 3.400e-03\n",
      "  4.200e-03 2.400e-03 0.000e+00]\n",
      " [2.000e-04 0.000e+00 0.000e+00 4.000e-03 0.000e+00 9.500e-01 2.000e-04\n",
      "  6.000e-04 3.520e-02 9.800e-03]\n",
      " [1.860e-02 2.000e-03 9.290e-01 1.400e-03 4.400e-02 0.000e+00 1.600e-03\n",
      "  3.000e-03 4.000e-04 0.000e+00]\n",
      " [2.000e-04 2.000e-04 2.000e-04 4.800e-03 2.000e-04 8.762e-01 2.600e-03\n",
      "  8.000e-04 8.720e-02 2.760e-02]\n",
      " [2.000e-04 8.326e-01 6.400e-03 0.000e+00 9.540e-02 3.000e-03 2.960e-02\n",
      "  1.860e-02 2.600e-03 1.160e-02]\n",
      " [0.000e+00 2.014e-01 2.940e-02 4.000e-04 7.700e-02 2.000e-04 4.320e-02\n",
      "  6.480e-01 4.000e-04 0.000e+00]\n",
      " [2.000e-04 1.400e-03 0.000e+00 9.400e-03 1.600e-03 6.780e-02 2.200e-03\n",
      "  6.000e-04 8.900e-01 2.680e-02]\n",
      " [0.000e+00 6.000e-03 1.006e-01 4.000e-04 8.794e-01 0.000e+00 1.800e-03\n",
      "  1.100e-02 0.000e+00 8.000e-04]\n",
      " [4.600e-03 1.000e-03 1.800e-03 7.600e-03 1.200e-03 5.740e-02 9.400e-03\n",
      "  2.400e-03 9.078e-01 6.800e-03]\n",
      " [0.000e+00 6.200e-02 1.600e-03 2.000e-04 7.600e-02 0.000e+00 1.890e-01\n",
      "  6.670e-01 2.400e-03 1.800e-03]\n",
      " [5.400e-03 4.720e-02 6.000e-03 1.000e-03 7.460e-02 1.400e-03 7.172e-01\n",
      "  1.420e-01 3.200e-03 2.000e-03]\n",
      " [0.000e+00 8.888e-01 3.000e-03 0.000e+00 5.920e-02 0.000e+00 2.020e-02\n",
      "  2.840e-02 0.000e+00 4.000e-04]\n",
      " [6.000e-04 4.596e-01 1.220e-02 2.000e-04 1.370e-01 4.000e-04 1.772e-01\n",
      "  2.124e-01 4.000e-04 0.000e+00]\n",
      " [1.580e-02 3.600e-03 0.000e+00 2.200e-03 2.200e-03 1.000e-03 8.188e-01\n",
      "  1.492e-01 2.000e-04 7.000e-03]\n",
      " [0.000e+00 8.840e-02 1.356e-01 2.000e-04 7.568e-01 0.000e+00 1.280e-02\n",
      "  3.600e-03 2.200e-03 4.000e-04]\n",
      " [6.000e-04 3.200e-03 4.400e-03 2.600e-03 4.200e-03 8.200e-03 2.600e-03\n",
      "  3.000e-03 9.540e-01 1.720e-02]\n",
      " [0.000e+00 5.960e-02 1.126e-01 6.000e-04 8.004e-01 0.000e+00 6.000e-03\n",
      "  1.620e-02 4.600e-03 0.000e+00]\n",
      " [8.760e-02 1.960e-02 1.400e-03 1.348e-01 2.680e-02 1.600e-03 4.244e-01\n",
      "  3.008e-01 6.000e-04 2.400e-03]\n",
      " [1.240e-02 1.200e-03 0.000e+00 2.626e-01 2.000e-04 3.852e-01 2.600e-03\n",
      "  6.000e-03 1.616e-01 1.682e-01]\n",
      " [8.140e-02 5.260e-02 5.000e-02 8.600e-03 6.220e-02 0.000e+00 5.480e-02\n",
      "  6.830e-01 0.000e+00 7.400e-03]\n",
      " [2.800e-03 5.540e-02 6.080e-02 4.000e-04 6.744e-01 0.000e+00 1.200e-01\n",
      "  7.760e-02 8.200e-03 4.000e-04]\n",
      " [2.860e-02 2.000e-04 6.000e-04 1.498e-01 4.800e-03 2.360e-02 7.400e-03\n",
      "  4.600e-03 3.400e-03 7.770e-01]\n",
      " [1.860e-02 2.000e-03 9.290e-01 1.400e-03 4.400e-02 0.000e+00 1.600e-03\n",
      "  3.000e-03 4.000e-04 0.000e+00]]\n"
     ]
    }
   ],
   "source": [
    "from modules.layout import layoutAnalysis\n",
    "from modules.lexical import lexicalAnalysis\n",
    "from modules.vectorizer import vectorizeFileInLines, vectorizeWholeFile\n",
    "from modules.misc import getFilesPaths, printTestsPredicts\n",
    "from sklearn.model_selection import train_test_split\n",
    "from sklearn.ensemble import RandomForestClassifier\n",
    "from sklearn.metrics import accuracy_score\n",
    "import numpy as np\n",
    "import glob\n",
    "import os\n",
    "import sys\n",
    "\n",
    "datasetPath = input(\"Type the path to the training files: \")\n",
    "filesPath, filesLabels = getFilesPaths(datasetPath)\n",
    "\n",
    "\n",
    "# vectorizeFileInLines vectorizes files and separates the lines so each file is represented as list[str] so the total set is list(vectorizedFilesInLines)[list(each file)[str(each line)]] => list[list[str]]\n",
    "vectorizedFilesInLines = [vectorizeFileInLines(path) for path in filesPath]\n",
    "# vectorizeFile vectorizes files and each file is represented as str so the total set is list(vectorizedFilesWhole)[str(each file)]\n",
    "vectorizedFilesWhole = [vectorizeWholeFile(path) for path in filesPath]\n",
    "\n",
    "# this generates the data sets for each type of analysis\n",
    "filesLayoutData = layoutAnalysis(vectorizedFilesInLines)\n",
    "filesLexicalData = lexicalAnalysis(vectorizedFilesWhole)\n",
    "\n",
    "# this sums the two data sets so each file is represented as a list of features\n",
    "filesData = np.concatenate((filesLayoutData, filesLexicalData), axis=1)\n",
    "\n",
    "\n",
    "x_train, x_test, y_train, y_test = train_test_split(filesData, filesLabels, test_size=0.3)\n",
    "\n",
    "# Geração do modelo por processo de machine learning com os dados dos arquivos conhecidos\n",
    "model = RandomForestClassifier(n_estimators = 5000)\n",
    "model.fit(x_train, y_train)\n",
    "\n",
    "# Previsão sobre de quem o arquivo misterioso é\n",
    "predictedAuthor = model.predict(x_test)\n",
    "predictedAuthorProb = model.predict_proba(x_test)\n",
    "\n",
    "# Verbose print\n",
    "if \"-v\" in sys.argv:\n",
    "    printTestsPredicts(y_test, predictedAuthor)\n",
    "\n",
    "# Calculo da precisão do modelo\n",
    "print(f'Accuracy: {accuracy_score(y_test, predictedAuthor)}')\n",
    "\n",
    "print(predictedAuthorProb)"
   ]
  },
  {
   "cell_type": "code",
   "execution_count": null,
   "id": "d1a90c7e",
   "metadata": {},
   "outputs": [],
   "source": []
  }
 ],
 "metadata": {
  "kernelspec": {
   "display_name": "Python 3 (ipykernel)",
   "language": "python",
   "name": "python3"
  },
  "language_info": {
   "codemirror_mode": {
    "name": "ipython",
    "version": 3
   },
   "file_extension": ".py",
   "mimetype": "text/x-python",
   "name": "python",
   "nbconvert_exporter": "python",
   "pygments_lexer": "ipython3",
   "version": "3.11.5"
  }
 },
 "nbformat": 4,
 "nbformat_minor": 5
}
